0   19106
1   301
2   47
3   9
------------------------------------------------------
0   11102
1   205
2   50
3   19
4   9
5   9
6   1
------------------------------------------------------
0   539
1   34
2   1
3   5
4   5
5   2
------------------------------------------------------
0   2892
1   53
2   20
3   5
4   1
5   0
6   1
------------------------------------------------------
0   842
1   14
2   2
3   0
4   1
------------------------------------------------------
0   2732
1   81
2   19
3   3
4   1
------------------------------------------------------
0   797
1   15
2   1
3   0
4   1
------------------------------------------------------
0   5337
1   177
2   43
3   16
4   6
5   3
6   2
7   0
8   1
------------------------------------------------------
0   828
1   17
2   6
------------------------------------------------------
0   2648
1   77
2   20
3   3
------------------------------------------------------
0   781
1   14
2   1
------------------------------------------------------
0   7240
1   175
2   27
3   10
------------------------------------------------------
0   648
1   10
2   1
------------------------------------------------------
0   1030
1   29
2   2
3   1
4   1
5   0
6   1
7   1
------------------------------------------------------
0   5343
1   149
2   33
3   8
------------------------------------------------------
0   635
1   15
2   3
3   2
------------------------------------------------------
0   1281
1   46
2   12
3   3
4   1
------------------------------------------------------
0   5068
1   138
2   35
3   11
4   1
------------------------------------------------------
0   626
1   16
2   4
3   2
------------------------------------------------------
0   947
1   35
2   9
3   1
------------------------------------------------------
0   5088
1   133
2   35
3   10
4   1
------------------------------------------------------
0   626
1   16
2   2
3   1
4   1
------------------------------------------------------
0   942
1   37
2   6
3   3
4   1
------------------------------------------------------
0   5220
1   143
2   40
3   11
4   2
------------------------------------------------------
0   622
1   18
2   2
3   2
4   1
------------------------------------------------------
0   1183
1   43
2   10
3   4
------------------------------------------------------
0   2542
1   81
2   27
3   11
4   1
------------------------------------------------------
0   1434
1   20
2   0
3   3
4   5
------------------------------------------------------
0   5110
1   120
2   29
3   16
4   4
------------------------------------------------------
0   621
1   17
2   6
3   1
4   1
------------------------------------------------------
0   929
1   36
2   5
3   4
4   1
------------------------------------------------------
0   5245
1   139
2   33
3   11
------------------------------------------------------
0   626
1   15
2   2
3   3
------------------------------------------------------
0   1197
1   42
2   11
3   2
4   1
------------------------------------------------------
0   5032
1   133
2   37
3   14
4   1
------------------------------------------------------
0   622
1   17
2   4
3   2
------------------------------------------------------
0   932
1   34
2   7
3   2
------------------------------------------------------
0   9373
1   196
2   49
3   20
4   2
5   1
6   3
------------------------------------------------------
0   627
1   18
2   3
3   2
------------------------------------------------------
0   937
1   39
2   5
3   4
4   3
------------------------------------------------------
0   5005
1   135
2   33
3   8
4   1
------------------------------------------------------
0   623
1   18
2   3
3   2
------------------------------------------------------
0   930
1   37
2   7
3   1
------------------------------------------------------
0   3406
1   99
2   29
3   9
4   1
------------------------------------------------------
0   1342
1   27
2   8
3   12
4   5
------------------------------------------------------
0   5053
1   120
2   30
3   19
4   4
------------------------------------------------------
0   622
1   16
2   5
3   2
------------------------------------------------------
0   929
1   35
2   5
3   4
4   1
------------------------------------------------------
0   5064
1   133
2   28
3   11
------------------------------------------------------
0   880
1   38
2   7
------------------------------------------------------
0   692
1   15
2   3
3   3
4   1
------------------------------------------------------
0   5029
1   130
2   38
3   12
4   1
------------------------------------------------------
0   624
1   18
2   3
3   1
------------------------------------------------------
0   930
1   35
2   8
3   1
------------------------------------------------------
0   3296
1   115
2   26
3   21
4   2
5   1
6   0
7   1
------------------------------------------------------
0   1295
1   51
2   11
3   6
4   1
5   0
6   3
7   3
------------------------------------------------------
0   4026
1   150
2   44
3   22
4   16
5   7
6   4
7   2
------------------------------------------------------
0   1279
1   47
2   9
3   6
------------------------------------------------------
0   3246
1   139
2   29
3   9
4   0
5   1
------------------------------------------------------
0   4874
1   110
2   49
3   27
4   5
5   4
------------------------------------------------------
0   626
1   13
2   5
3   2
4   2
------------------------------------------------------
0   2110
1   80
2   20
3   11
4   8
5   2
------------------------------------------------------
0   3966
1   164
2   56
3   24
4   7
5   2
------------------------------------------------------
0   1264
1   42
2   8
3   5
------------------------------------------------------
0   3176
1   132
2   28
3   13
------------------------------------------------------
0   1049
1   51
2   15
3   6
4   5
------------------------------------------------------
0   1260
1   42
2   11
3   2
4   8
------------------------------------------------------
0   19998
1   641
2   196
3   90
4   55
5   42
6   18
7   9
8   3
9   6
10   3
------------------------------------------------------
0   2795
1   70
2   33
3   24
4   27
5   15
6   8
7   5
8   4
------------------------------------------------------
0   802
1   14
2   5
3   1
4   2
5   4
6   1
7   2
------------------------------------------------------
0   2627
1   78
2   21
3   2
------------------------------------------------------
0   776
1   14
2   1
------------------------------------------------------
0   4733
1   148
2   28
3   19
4   11
5   6
6   2
7   1
------------------------------------------------------
0   1336
1   49
2   8
3   4
4   8
5   4
6   3
7   2
------------------------------------------------------
0   49937
1   1487
2   322
3   141
4   115
5   98
6   65
7   73
8   69
9   67
10   42
11   25
12   23
13   10
14   12
15   2
16   2
17   3
------------------------------------------------------
0   359178
1   10331
2   2011
3   970
4   666
5   485
6   403
7   372
8   293
9   326
10   357
11   286
12   262
13   245
14   157
15   162
16   127
17   102
18   90
19   104
20   109
21   96
22   110
23   115
24   108
25   86
26   103
27   52
28   42
29   27
30   18
31   19
32   9
33   14
34   2
35   5
36   2
------------------------------------------------------
0   116109
1   2505
2   396
3   192
4   151
5   142
6   112
7   104
8   102
9   125
10   110
11   99
12   83
13   71
14   66
15   27
16   34
17   21
18   14
19   9
20   10
21   5
22   8
23   2
24   3
25   2
26   4
27   2
28   0
29   3
30   1
31   2
32   2
33   2
34   1
35   5
36   1
37   3
------------------------------------------------------
0   2521
1   109
2   40
3   24
4   20
5   8
6   3
7   4
8   1
9   1
10   0
11   0
12   0
13   0
14   0
15   0
16   0
17   0
18   0
19   0
20   0
21   0
22   0
23   0
24   0
25   0
26   0
27   1
28   2
29   1
30   0
31   5
32   7
33   1
34   4
------------------------------------------------------
0   12762
1   176
2   52
3   10
4   5
5   3
6   0
7   2
8   0
9   0
10   0
11   0
12   0
13   0
14   1
------------------------------------------------------
0   2517
1   138
2   39
3   12
4   2
------------------------------------------------------
0   40937
1   705
2   179
3   73
4   26
5   3
6   4
7   5
8   1
9   0
10   1
------------------------------------------------------
0   13781
1   230
2   79
3   58
4   12
5   1
6   2
7   3
8   2
9   0
10   1
11   0
12   1
13   1
14   0
15   1
16   1
17   1
18   0
19   0
20   0
21   0
22   1
23   0
24   0
25   0
26   1
27   0
28   1
29   0
30   1
31   0
32   0
33   2
34   1
35   1
36   0
37   1
38   1
------------------------------------------------------
0   52862
1   738
2   244
3   117
4   69
5   29
6   13
7   10
8   5
9   14
10   5
11   21
12   14
13   4
14   7
15   5
16   1
17   3
18   2
19   0
20   0
21   1
22   1
23   0
24   2
25   2
26   2
27   0
28   4
29   1
30   1
31   2
32   1
------------------------------------------------------
0   13735
1   246
2   73
3   40
4   18
5   2
6   1
7   0
8   0
9   1
10   0
11   0
12   0
13   0
14   0
15   0
16   0
17   1
18   0
19   0
20   0
21   0
22   0
23   0
24   0
25   0
26   0
27   0
28   0
29   1
------------------------------------------------------
0   16262
1   273
2   114
3   66
4   33
5   10
6   1
7   0
8   2
9   1
10   1
11   0
12   0
13   0
14   0
15   0
16   0
17   0
18   0
19   1
20   0
21   0
22   0
23   0
24   0
25   0
26   0
27   1
------------------------------------------------------
0   3187
1   152
2   69
3   20
4   9
5   5
6   0
7   1
8   1
9   1
10   0
11   0
12   0
13   0
14   0
15   0
16   0
17   0
18   0
19   0
20   0
21   0
22   2
23   0
24   0
25   0
26   0
27   0
28   0
29   0
30   0
31   0
32   1
33   1
------------------------------------------------------
0   34648
1   581
2   110
3   75
4   32
5   13
6   3
7   1
8   2
9   1
10   1
------------------------------------------------------
0   15287
1   349
2   116
3   54
4   12
5   2
6   1
7   0
8   1
9   0
10   0
11   0
12   0
13   0
14   0
15   0
16   1
17   0
18   0
19   0
20   2
21   0
22   0
23   0
24   0
25   0
26   0
27   0
28   0
29   0
30   0
31   0
32   1
------------------------------------------------------
0   26832
1   511
2   107
3   56
4   18
5   14
6   5
7   5
8   3
9   2
10   0
11   1
12   0
13   1
14   0
15   0
16   0
17   0
18   1
19   0
20   1
21   1
22   0
23   0
24   3
25   3
26   2
27   0
28   1
------------------------------------------------------
0   3329
1   176
2   63
3   33
4   14
5   5
6   1
7   1
8   0
9   0
10   0
11   0
12   0
13   0
14   0
15   1
16   1
17   0
18   0
19   2
20   0
21   0
22   0
23   1
------------------------------------------------------
0   75482
1   1591
2   345
3   200
4   163
5   104
6   80
7   57
8   36
9   15
10   8
11   4
12   6
13   5
14   3
15   1
16   0
17   4
18   8
19   4
20   2
21   1
22   0
23   2
24   0
25   2
26   1
27   0
28   3
29   3
30   1
31   1
32   2
33   1
34   0
35   1
36   0
37   0
38   0
39   1
40   0
41   0
42   0
43   0
44   1
45   1
46   1
------------------------------------------------------
0   11943
1   176
2   57
3   28
4   26
5   11
6   6
7   10
8   5
9   3
10   0
11   1
12   0
13   1
------------------------------------------------------
0   1745197
1   12548
2   1413
3   375
4   186
5   100
6   41
7   26
8   17
9   21
10   7
11   4
12   5
13   2
14   3
15   1
16   0
17   0
18   0
19   0
20   0
21   1
22   0
23   0
24   0
25   0
26   0
27   0
28   0
29   0
30   1
31   0
32   3
33   3
34   4
35   7
36   8
37   9
38   5
39   6
40   4
41   1
42   4
43   3
44   6
45   1
46   2
47   3
48   1
49   1
------------------------------------------------------
0   766
1   6
2   3
3   1
4   1
5   0
6   3
7   0
8   0
9   0
10   1
11   0
12   0
13   0
14   0
15   0
16   0
17   0
18   0
19   0
20   0
21   0
22   0
23   0
24   0
25   0
26   0
27   0
28   0
29   0
30   1
31   0
32   0
33   0
34   0
35   2
36   0
37   4
38   0
39   3
40   0
41   0
42   0
43   1
44   1
------------------------------------------------------
0   3550801
1   24192
2   2402
3   310
4   95
5   73
6   68
7   67
8   85
9   70
10   38
11   40
12   13
13   7
14   9
15   5
16   9
17   11
18   9
19   6
20   3
21   0
22   2
23   1
24   0
25   3
26   0
27   0
28   0
29   0
30   0
31   0
32   0
33   0
34   0
35   0
36   0
37   0
38   0
39   0
40   0
41   0
42   0
43   0
44   0
45   0
46   0
47   0
48   0
49   1
------------------------------------------------------
0   12738
1   174
2   43
3   9
4   2
5   0
6   0
7   8
8   19
9   20
10   12
11   15
12   5
13   5
14   1
15   1
16   3
17   6
18   5
19   1
20   0
21   0
22   1
------------------------------------------------------
0   26338
1   383
2   133
3   41
4   8
5   1
6   1
7   0
8   1
9   4
10   1
11   2
12   0
13   0
14   1
15   3
16   1
17   3
18   2
19   1
20   2
21   2
22   2
23   2
24   5
25   0
26   2
27   1
28   1
------------------------------------------------------
0   2516
1   134
2   45
3   9
4   2
5   0
6   0
7   0
8   0
9   0
10   0
11   0
12   0
13   0
14   0
15   0
16   0
17   0
18   0
19   0
20   0
21   0
22   0
23   0
24   0
25   1
------------------------------------------------------
0   2212366
1   14842
2   1388
3   193
4   73
5   41
6   15
7   24
8   12
9   11
10   5
11   0
12   1
13   2
14   11
15   16
16   17
17   24
18   11
19   5
20   4
21   1
22   0
23   1
24   0
25   1
26   0
27   0
28   0
29   0
30   0
31   0
32   0
33   0
34   0
35   0
36   0
37   0
38   1
39   0
40   0
41   0
42   0
43   1
44   0
45   0
46   0
47   0
48   0
49   0
50   0
51   0
52   1
------------------------------------------------------
0   739
1   5
2   1
3   0
4   1
5   1
6   0
7   2
8   0
9   1
10   0
11   1
12   0
13   0
14   0
15   3
16   4
17   1
18   1
19   1
------------------------------------------------------
0   9618722
1   63763
2   5461
3   584
4   93
5   22
6   22
7   20
8   21
9   30
10   13
11   37
12   17
13   9
14   30
15   78
16   106
17   110
18   66
19   40
20   18
21   6
22   2
23   8
24   3
25   12
26   7
27   4
28   1
29   8
30   7
31   14
32   15
33   7
34   8
35   3
36   2
37   2
38   7
39   2
40   3
41   0
42   2
43   1
44   0
45   0
46   1
47   1
48   0
49   1
50   1
51   0
52   0
53   0
54   2
55   0
56   1
57   3
58   0
59   1
60   1
61   1
62   0
63   2
64   0
65   0
66   0
67   1
------------------------------------------------------
0   12884
1   179
2   48
3   6
4   3
5   0
6   0
7   0
8   0
9   7
10   4
11   8
12   2
13   3
14   5
15   11
16   13
17   7
18   3
19   4
20   4
21   0
22   0
23   0
24   1
25   1
26   3
27   3
28   0
29   2
30   0
31   1
32   8
33   7
34   4
35   2
------------------------------------------------------
end