0  296350227
1  10500630
2  2827742
3  365019
4  165194
5  135350
6  119547
7  109877
8  100207
9  93787
10  29713
11  26029
12  21723
13  18820
14  15207
15  13297
16  12267
17  11948
18  11243
19  10626
20  10241
21  9736
22  9423
23  9111
24  8733
25  8537
26  8073
27  7765
28  8036
29  8123
30  7634
31  7618
32  7482
33  7261
34  6857
35  6883
36  6626
37  6513
38  6321
39  6129
40  6051
41  6189
42  6220
43  6404
44  6562
45  6909
46  7155
47  7424
48  7633
49  7798
50  7780
51  7854
52  7993
53  8172
54  7846
55  7900
56  7536
57  7664
58  7439
59  7039
60  6761
61  6627
62  6220
63  6312
64  6145
65  6018
66  5894
67  5774
68  5529
69  5354
70  5490
71  5680
72  5408
73  5154
74  4987
75  5400
76  5329
77  5269
78  5379
79  4974
80  5503
81  5420
82  5097
83  5556
84  5229
85  5164
86  5259
87  5121
88  5071
89  4869
90  5003
91  4730
92  4331
93  4225
94  4686
95  4367
96  4601
97  4456
98  4328
99  4420
100  1758
101  1702
102  1547
103  1617
104  1788
105  1609
106  1821
107  1628
108  1832
109  1801
110  2043
111  2142
112  2055
113  2168
114  2226
115  2182
116  2065
117  2418
118  2085
119  2307
120  2364
121  2260
122  2366
123  2259
124  2267
125  2265
126  2090
127  1847
128  2008
129  2028
130  1692
131  1678
132  1486
133  1258
134  1119
135  1136
136  1038
137  871
138  710
139  617
140  612
141  590
142  435
143  451
144  504
145  490
146  630
147  490
148  531
149  566
150  532
151  557
152  524
153  571
154  524
155  499
156  531
157  531
158  566
159  559
160  543
161  544
162  478
163  453
164  463
165  441
166  403
167  428
168  397
169  417
170  423
171  438
172  483
173  515
174  538
175  585
176  589
177  605
178  588
179  579
180  621
181  573
182  554
183  537
184  603
185  541
186  594
187  612
188  627
189  679
190  907
191  744
192  824
193  769
194  957
195  1017
196  1090
197  1132
198  1061
199  1113
200  1225
201  1200
202  1363
203  1278
204  1662
205  1659
206  1484
207  1955
208  1944
209  1666
210  1734
211  1675
212  1653
213  1523
214  1419
215  1410
216  1303
217  1191
218  1276
219  1027
220  1007
221  942
222  831
223  834
224  793
225  794
226  571
227  600
228  567
229  458
230  513
231  498
232  494
233  564
234  536
235  569
236  562
237  570
238  623
239  647
240  614
241  659
242  646
243  658
244  613
245  590
246  598
247  642
248  539
249  605
250  521
251  521
252  504
253  454
254  412
255  480
256  387
257  446
258  317
259  257
260  303
261  353
262  343
263  359
264  314
265  300
266  312
267  260
268  251
269  255
270  286
271  253
272  260
273  263
274  249
275  277
276  254
277  245
278  230
279  244
280  259
281  270
282  298
283  329
284  290
285  285
286  298
287  281
288  301
289  242
290  252
291  223
292  195
293  177
294  233
295  199
296  206
297  199
298  243
299  231
300  264
301  262
302  268
303  253
304  283
305  277
306  287
307  326
308  323
309  334
310  356
311  363
312  398
313  382
314  385
315  407
316  473
317  457
318  449
319  458
320  427
321  459
322  413
323  419
324  388
325  376
326  374
327  350
328  332
329  340
330  317
331  283
332  280
333  276
334  261
335  251
336  222
337  241
338  217
339  218
340  216
341  234
342  215
343  225
344  229
345  276
346  327
347  360
348  388
349  471
350  516
351  523
352  700
353  737
354  768
355  792
356  893
357  1044
358  1072
359  1146
360  1227
361  1291
362  1246
363  1272
364  1435
365  1432
366  1430
367  1343
368  1320
369  1092
370  1004
371  947
372  1023
373  827
374  674
375  707
376  760
377  672
378  633
379  484
380  600
381  592
382  510
383  576
384  576
385  586
386  680
387  776
388  676
389  691
390  670
391  659
392  732
393  756
394  756
395  830
396  718
397  683
398  669
399  627
400  552
401  633
402  598
403  625
404  611
405  593
406  689
407  627
408  626
409  620
410  670
411  691
412  657
413  715
414  723
415  728
416  737
417  712
418  772
419  702
420  749
421  757
422  746
423  696
424  627
425  649
426  630
427  560
428  617
429  586
430  492
431  468
432  452
433  454
434  396
435  449
436  472
437  524
438  475
439  468
440  468
441  497
442  523
443  578
444  604
445  590
446  606
447  672
448  646
449  661
450  643
451  665
452  633
453  672
454  662
455  671
456  620
457  621
458  569
459  590
460  628
461  607
462  591
463  625
464  583
465  555
466  661
467  613
468  614
469  660
470  641
471  617
472  599
473  591
474  598
475  602
476  641
477  617
478  586
479  553
480  593
481  599
482  520
483  542
484  558
485  498
486  554
487  512
488  486
489  488
490  460
491  485
492  469
493  472
494  496
495  471
496  421
497  437
498  482
499  451
500  456
501  496
502  441
503  473
504  428
505  416
506  505
507  539
508  539
509  433
510  486
511  520
512  507
513  535
514  507
515  502
516  533
517  488
518  516
519  472
520  543
521  425
522  484
523  490
524  453
525  467
526  430
527  460
528  465
529  499
530  479
531  514
532  477
533  455
534  440
535  437
536  429
537  400
538  362
539  319
540  304
541  267
542  295
543  304
544  245
545  341
546  254
547  231
548  240
549  205
550  198
551  232
552  186
553  186
554  184
555  154
556  170
557  165
558  151
559  90
560  78
561  85
562  101
563  90
564  88
565  86
566  67
567  84
568  86
569  86
570  85
571  99
572  82
573  63
574  90
575  74
576  95
577  73
578  78
579  73
580  67
581  86
582  58
583  62
584  69
585  70
586  60
587  55
588  53
589  35
590  65
591  57
592  71
593  54
594  42
595  54
596  53
597  45
598  50
599  57
600  55
601  60
602  58
603  73
604  61
605  68
606  59
607  70
608  78
609  89
610  99
611  80
612  82
613  100
614  105
615  120
616  125
617  137
618  119
619  142
620  153
621  167
622  150
623  159
624  173
625  166
626  179
627  186
628  174
629  191
630  184
631  188
632  194
633  185
634  185
635  188
636  189
637  181
638  178
639  169
640  175
641  155
642  152
643  149
644  153
645  146
646  133
647  137
648  128
649  111
650  106
651  97
652  107
653  106
654  96
655  81
656  74
657  67
658  54
659  66
660  58
661  56
662  43
663  55
664  40
665  42
666  30
667  28
668  31
669  36
670  42
671  37
672  33
673  30
674  24
675  48
676  44
677  29
678  38
679  47
680  31
681  37
682  40
683  40
684  30
685  58
686  43
687  50
688  55
689  40
690  56
691  58
692  51
693  48
694  57
695  70
696  49
697  62
698  53
699  63
700  55
701  50
702  80
703  69
704  70
705  56
706  53
707  74
708  69
709  73
710  86
711  87
712  124
713  112
714  94
715  104
716  86
717  114
718  87
719  124
720  91
721  92
722  90
723  78
724  75
725  77
726  61
727  52
728  47
729  19
730  23
731  42
732  35
733  20
734  17
735  13
736  6
737  8
738  13
739  3
740  4
741  2
742  15
743  9
744  3
745  4
746  2
747  4
748  5
749  5
750  9
751  10
752  12
753  14
754  12
755  14
756  17
757  18
758  13
759  20
760  17
761  15
762  25
763  27
764  27
765  26
766  25
767  28
768  22
769  18
770  16
771  23
772  28
773  21
774  37
775  25
776  17
777  33
778  18
779  23
780  22
781  27
782  31
783  34
784  35
785  37
786  43
787  42
788  36
789  29
790  43
791  36
792  64
793  59
794  85
795  91
796  81
797  102
798  93
799  119
800  87
801  89
802  91
803  83
804  112
805  84
806  81
807  92
808  94
809  90
810  119
811  85
812  112
813  95
814  77
815  64
816  66
817  62
818  73
819  43
820  46
821  37
822  42
823  48
824  63
825  40
826  45
827  54
828  57
829  44
830  51
831  61
832  71
833  69
834  74
835  65
836  56
837  73
838  79
839  72
840  68
841  81
842  83
843  89
844  79
845  98
846  79
847  88
848  78
849  68
850  92
851  61
852  72
853  72
854  65
855  56
856  50
857  37
858  46
859  36
860  51
861  33
862  35
863  45
864  30
865  35
866  29
867  24
868  34
869  36
870  28
871  29
872  42
873  40
874  23
875  31
876  36
877  35
878  45
879  50
880  36
881  37
882  43
883  38
884  36
885  45
886  31
887  32
888  22
889  31
890  37
891  25
892  35
893  32
894  32
895  22
896  15
897  18
898  19
899  18
900  18
901  15
902  11
903  7
904  10
905  10
906  6
907  11
908  9
909  8
910  9
911  5
912  4
913  9
914  6
915  4
916  3
917  3
918  3
919  1
920  2
921  1
922  7
923  6
924  5
925  2
926  10
927  7
928  9
929  8
930  8
931  8
932  10
933  7
934  3
935  5
936  6
937  7
938  7
939  4
940  7
941  8
942  5
943  5
944  2
945  7
946  2
947  1
948  1
949  1
950  2
951  3
952  2
953  2
954  0
955  1
956  1
957  0
958  2
959  0
960  1
961  1
962  1
963  0
964  1
965  0
966  0
967  0
968  0
969  0
970  0
971  0
972  1
973  1
974  0
975  0
976  0
977  1
978  0
979  0
980  0
981  0
982  0
983  1
984  0
