0  291555206
1  10368237
2  2823524
3  364128
4  165193
5  135327
6  119570
7  109663
8  100347
9  93635
10  29616
11  26113
12  21611
13  18792
14  15305
15  13243
16  12261
17  11955
18  11235
19  10598
20  10268
21  9788
22  9386
23  9112
24  8748
25  8510
26  8096
27  7801
28  7980
29  8088
30  7679
31  7538
32  7538
33  7329
34  6840
35  6855
36  6621
37  6522
38  6309
39  6084
40  6117
41  6136
42  6225
43  6397
44  6536
45  7003
46  7091
47  7416
48  7641
49  7811
50  7718
51  7896
52  7984
53  8151
54  7863
55  7890
56  7536
57  7613
58  7474
59  7012
60  6750
61  6660
62  6200
63  6348
64  6115
65  6007
66  5925
67  5720
68  5587
69  5320
70  5523
71  5658
72  5423
73  5139
74  5002
75  5381
76  5329
77  5229
78  5395
79  4942
80  5519
81  5404
82  5139
83  5510
84  5218
85  5184
86  5261
87  5103
88  5082
89  4856
90  5020
91  4781
92  4382
93  4156
94  4698
95  4402
96  4585
97  4364
98  4367
99  4472
100  1694
101  1691
102  1537
103  1584
104  1780
105  1623
106  1875
107  1606
108  1882
109  1783
110  2033
111  2195
112  1981
113  2181
114  2268
115  2157
116  2058
117  2409
118  2110
119  2308
120  2383
121  2240
122  2365
123  2272
124  2308
125  2219
126  2129
127  1879
128  1993
129  1968
130  1727
131  1618
132  1511
133  1279
134  1118
135  1134
136  1014
137  870
138  716
139  598
140  636
141  578
142  434
143  448
144  495
145  563
146  556
147  496
148  527
149  580
150  523
151  577
152  502
153  567
154  526
155  481
156  542
157  543
158  564
159  545
160  537
161  546
162  490
163  452
164  448
165  452
166  413
167  423
168  395
169  407
170  428
171  444
172  476
173  522
174  536
175  579
176  599
177  591
178  590
179  589
180  607
181  582
182  550
183  539
184  597
185  558
186  595
187  598
188  640
189  686
190  902
191  746
192  822
193  766
194  944
195  1018
196  1092
197  1122
198  1070
199  1114
200  1217
201  1200
202  1385
203  1275
204  1659
205  1678
206  1508
207  1967
208  1909
209  1696
210  1708
211  1676
212  1679
213  1501
214  1418
215  1378
216  1319
217  1198
218  1257
219  1010
220  1012
221  963
222  817
223  826
224  792
225  789
226  573
227  594
228  568
229  453
230  518
231  506
232  493
233  567
234  535
235  571
236  559
237  567
238  633
239  636
240  626
241  655
242  636
243  661
244  615
245  596
246  595
247  643
248  534
249  606
250  517
251  513
252  512
253  459
254  418
255  466
256  390
257  438
258  327
259  254
260  309
261  364
262  334
263  370
264  314
265  285
266  317
267  241
268  285
269  247
270  293
271  245
272  268
273  245
274  258
275  278
276  250
277  234
278  233
279  244
280  259
281  280
282  304
283  313
284  286
285  294
286  290
287  284
288  297
289  243
290  248
291  226
292  194
293  167
294  238
295  208
296  204
297  195
298  240
299  235
300  259
301  262
302  272
303  252
304  289
305  280
306  281
307  325
308  332
309  336
310  348
311  370
312  386
313  389
314  383
315  409
316  469
317  458
318  451
319  451
320  431
321  460
322  423
323  412
324  383
325  381
326  373
327  360
328  326
329  337
330  314
331  288
332  272
333  285
334  253
335  254
336  220
337  241
338  218
339  222
340  207
341  230
342  215
343  231
344  225
345  275
346  320
347  366
348  389
349  475
350  502
351  528
352  697
353  739
354  770
355  794
356  896
357  1041
358  1083
359  1145
360  1226
361  1285
362  1241
363  1272
364  1437
365  1436
366  1424
367  1344
368  1332
369  1090
370  998
371  946
372  1033
373  825
374  680
375  724
376  743
377  661
378  625
379  497
380  586
381  592
382  513
383  571
384  576
385  588
386  678
387  775
388  700
389  677
390  663
391  661
392  734
393  756
394  757
395  832
396  717
397  671
398  689
399  625
400  563
401  640
402  587
403  625
404  605
405  593
406  703
407  626
408  645
409  608
410  655
411  696
412  656
413  712
414  740
415  729
416  730
417  708
418  771
419  706
420  762
421  756
422  737
423  692
424  618
425  664
426  623
427  560
428  619
429  579
430  468
431  458
432  478
433  443
434  394
435  458
436  459
437  530
438  483
439  458
440  479
441  483
442  530
443  579
444  594
445  592
446  627
447  650
448  662
449  657
450  629
451  684
452  628
453  652
454  674
455  685
456  612
457  601
458  583
459  592
460  623
461  613
462  588
463  630
464  573
465  560
466  666
467  605
468  625
469  655
470  643
471  612
472  599
473  592
474  589
475  617
476  649
477  593
478  597
479  537
480  603
481  605
482  537
483  533
484  543
485  501
486  551
487  513
488  491
489  488
490  470
491  495
492  464
493  480
494  507
495  470
496  403
497  439
498  481
499  450
500  460
501  482
502  473
503  445
504  418
505  434
506  495
507  572
508  518
509  448
510  470
511  516
512  501
513  533
514  523
515  490
516  524
517  512
518  509
519  487
520  517
521  473
522  478
523  487
524  436
525  468
526  443
527  448
528  429
529  515
530  511
531  515
532  489
533  481
534  440
535  395
536  471
537  392
538  350
539  308
540  310
541  265
542  303
543  289
544  248
545  367
546  238
547  221
548  261
549  180
550  201
551  231
552  188
553  189
554  179
555  157
556  167
557  131
558  147
559  87
560  81
561  90
562  98
563  88
564  79
565  84
566  88
567  67
568  90
569  78
570  90
571  99
572  75
573  63
574  94
575  79
576  81
577  85
578  75
579  71
580  73
581  77
582  59
583  63
584  67
585  69
586  59
587  52
588  58
589  40
590  59
591  58
592  74
593  54
594  38
595  55
596  57
597  43
598  48
599  54
600  57
601  61
602  59
603  69
604  69
605  66
606  56
607  69
608  76
609  89
610  105
611  77
612  88
613  96
614  109
615  118
616  129
617  141
618  120
619  140
620  161
621  158
622  143
623  160
624  174
625  176
626  174
627  186
628  178
629  197
630  174
631  188
632  197
633  184
634  193
635  184
636  189
637  182
638  177
639  167
640  177
641  155
642  151
643  153
644  152
645  142
646  139
647  132
648  125
649  113
650  102
651  99
652  111
653  102
654  99
655  81
656  72
657  65
658  55
659  63
660  56
661  55
662  45
663  56
664  39
665  42
666  26
667  25
668  33
669  34
670  51
671  28
672  36
673  26
674  32
675  43
676  41
677  35
678  40
679  46
680  32
681  43
682  38
683  30
684  37
685  51
686  42
687  59
688  45
689  40
690  63
691  60
692  49
693  48
694  55
695  73
696  52
697  54
698  55
699  64
700  53
701  54
702  82
703  63
704  73
705  49
706  59
707  70
708  72
709  78
710  86
711  82
712  117
713  120
714  97
715  103
716  84
717  113
718  86
719  118
720  94
721  93
722  95
723  77
724  76
725  73
726  61
727  50
728  53
729  18
730  32
731  29
732  35
733  25
734  15
735  13
736  8
737  7
738  12
739  3
740  5
741  5
742  18
743  2
744  3
745  4
746  2
747  4
748  6
749  5
750  8
751  9
752  12
753  15
754  12
755  14
756  19
757  16
758  15
759  17
760  18
761  14
762  23
763  31
764  29
765  24
766  23
767  30
768  21
769  17
770  17
771  25
772  25
773  22
774  33
775  28
776  17
777  32
778  22
779  20
780  24
781  28
782  34
783  33
784  30
785  40
786  47
787  42
788  31
789  29
790  46
791  35
792  69
793  54
794  95
795  83
796  80
797  102
798  95
799  119
800  80
801  92
802  89
803  72
804  120
805  93
806  71
807  97
808  86
809  96
810  115
811  93
812  102
813  101
814  71
815  72
816  69
817  58
818  72
819  47
820  42
821  40
822  38
823  41
824  75
825  37
826  43
827  61
828  53
829  47
830  53
831  55
832  68
833  76
834  76
835  64
836  52
837  81
838  77
839  65
840  72
841  80
842  85
843  86
844  86
845  93
846  83
847  85
848  79
849  77
850  77
851  60
852  73
853  79
854  68
855  50
856  57
857  34
858  46
859  36
860  50
861  31
862  38
863  45
864  30
865  30
866  29
867  25
868  38
869  34
870  31
871  24
872  43
873  39
874  26
875  30
876  40
877  36
878  42
879  47
880  39
881  32
882  49
883  34
884  37
885  50
886  28
887  34
888  19
889  33
890  33
891  26
892  40
893  29
894  35
895  19
896  16
897  16
898  21
899  15
900  21
901  15
902  12
903  8
904  7
905  9
906  10
907  11
908  8
909  8
910  11
911  3
912  6
913  9
914  5
915  3
916  4
917  4
918  2
919  1
920  1
921  4
922  6
923  6
924  5
925  4
926  7
927  11
928  6
929  7
930  10
931  9
932  7
933  8
934  2
935  8
936  3
937  4
938  10
939  5
940  8
941  5
942  6
943  5
944  3
945  6
946  2
947  1
948  1
949  3
950  1
951  2
952  2
953  2
954  0
955  1
956  1
957  1
958  1
959  1
960  1
961  0
962  1
963  1
964  0
965  0
966  0
967  0
968  0
969  0
970  0
971  1
972  0
973  1
974  0
975  0
976  0
977  1
978  0
979  0
980  0
981  0
982  0
983  1
984  0
